% Given expression in MATLAB
Z = sqrt((75.24 + 3.135)^2 - (75.24 * cos(1.5542))^2) + sqrt((90 + 3)^2 - (90 * cos(1.5542))^2) - 165.24 * sin(1.5542)
mp = 0.319 * Z / (pi * cos(1.5542))